Pops	Model	Likelihood	AIC	Theta	sfs_sum	chi-squared	bootstrap
AG1-AG2	sec_cont	-586.91	1187.82	143.9388836901006	882.0	1258.35	0
AG1-AG2	sec_cont	-568.93	1151.86	153.2410564455833	939.0	848.2	1
AG1-AG2	sec_cont	-528.43	1070.86	146.06043186240368	895.0	691.67	2
AG1-AG2	sec_cont	-576.39	1166.78	147.36599996843634	903.0	865.63	3
AG1-AG2	sec_cont	-551.99	1117.98	147.5291959816904	904.0	634.04	4
AG1-AG2	sec_cont	-558.54	1131.08	145.40764780938733	891.0	1138.13	5
AG1-AG2	sec_cont	-551.79	1117.58	143.44929565033834	879.0	878.95	6
AG1-AG2	sec_cont	-547.8	1109.6	148.99796010097714	913.0	726.85	7
AG1-AG2	sec_cont	-563.35	1140.7	146.06043186240368	895.0	916.17	8
AG1-AG2	sec_cont	-575.74	1165.48	150.14033219375574	920.0	797.45	9
AG1-AG2	sec_cont	-603.52	1221.04	158.30013285645984	970.0	884.48	10
AG1-AG2	sec_cont	-569.37	1152.74	154.22023252510778	945.0	732.36	11
AG1-AG2	sec_cont	-560.22	1134.44	149.16115611423123	914.0	1039.99	12
AG1-AG2	sec_cont	-540.89	1095.78	149.6507441539935	917.0	737.9	13
AG1-AG2	sec_cont	-578.12	1170.24	154.38342853836187	946.0	679.27	14
AG1-AG2	sec_cont	-571.9	1157.8	144.1020797033547	883.0	788.8	15
AG1-AG2	sec_cont	-613.85	1241.7	159.27930893598435	976.0	1030.63	16
AG1-AG2	sec_cont	-568.59	1151.18	151.2827042865343	927.0	938.69	17
AG1-AG2	sec_cont	-578.17	1170.34	139.04300329247812	852.0	1306.69	18
AG1-AG2	sec_cont	-579.84	1173.68	148.5083720612149	910.0	1132.33	19
AG1-AG2	sec_cont	-549.0	1112.0	144.9180597696251	888.0	1132.75	20
AG1-AG2	sec_cont	-570.09	1154.18	146.71321591542	899.0	930.64	21
AG1-AG2	sec_cont	-548.44	1110.88	148.18198003470673	908.0	891.07	22
AG1-AG2	sec_cont	-580.14	1174.28	151.2827042865343	927.0	1421.91	23
AG1-AG2	sec_cont	-553.61	1121.22	146.8764119286741	900.0	738.02	24
AG1-AG2	sec_cont	-555.54	1125.08	153.0778604323292	938.0	746.49	25
AG1-AG2	sec_cont	-609.11	1232.22	150.3035282070098	921.0	1514.49	26
AG1-AG2	sec_cont	-600.14	1214.28	147.6923919949445	905.0	945.07	27
AG1-AG2	sec_cont	-590.78	1195.56	151.11950827328022	926.0	1048.49	28
AG1-AG2	sec_cont	-559.6	1133.2	151.77229232629654	930.0	676.23	29
AG1-AG2	sec_cont	-572.24	1158.48	146.8764119286741	900.0	2708.56	30
AG1-AG2	sec_cont	-546.08	1106.16	148.01878402145266	907.0	639.54	31
AG1-AG2	sec_cont	-620.38	1254.76	148.01878402145266	907.0	1777.81	32
AG1-AG2	sec_cont	-569.26	1152.52	149.97713618050165	919.0	680.41	33
AG1-AG2	sec_cont	-586.09	1186.18	149.4875481407394	916.0	939.04	34
AG1-AG2	sec_cont	-573.64	1161.28	150.4667242202639	922.0	748.07	35
AG1-AG2	sec_cont	-568.3	1150.6	149.4875481407394	916.0	832.34	36
AG1-AG2	sec_cont	-581.04	1176.08	154.0570365118537	944.0	3991.5	37
AG1-AG2	sec_cont	-596.07	1206.14	148.99796010097714	913.0	1667.78	38
AG1-AG2	sec_cont	-577.82	1169.64	149.32435212748533	915.0	1635.04	39
AG1-AG2	sec_cont	-531.29	1076.58	141.65413950454345	868.0	793.55	40
AG1-AG2	sec_cont	-565.67	1145.34	148.67156807446898	911.0	823.84	41
AG1-AG2	sec_cont	-615.4	1244.8	158.46332886971393	971.0	863.22	42
AG1-AG2	sec_cont	-548.09	1110.18	148.18198003470673	908.0	738.6	43
AG1-AG2	sec_cont	-595.28	1204.56	149.4875481407394	916.0	811.34	44
AG1-AG2	sec_cont	-557.88	1129.76	146.06043186240368	895.0	914.37	45
AG1-AG2	sec_cont	-534.18	1082.36	148.34517604796082	909.0	659.19	46
AG1-AG2	sec_cont	-540.06	1094.12	144.1020797033547	883.0	1572.16	47
AG1-AG2	sec_cont	-569.94	1153.88	152.42507637931288	934.0	669.05	48
AG1-AG2	sec_cont	-608.06	1230.12	148.34517604796082	909.0	4888.29	49
AG1-AG2	sec_cont	-582.12	1178.24	147.03960794192815	901.0	1051.65	50
AG1-AG2	sec_cont	-576.01	1166.02	145.57084382264142	892.0	897.32	51
AG1-AG2	sec_cont	-578.86	1171.72	147.03960794192815	901.0	818.17	52
AG1-AG2	sec_cont	-571.26	1156.52	157.64734880344352	966.0	723.58	53
AG1-AG2	sec_cont	-552.75	1119.5	150.95631226002615	925.0	846.68	54
AG1-AG2	sec_cont	-573.34	1160.68	146.8764119286741	900.0	1070.27	55
AG1-AG2	sec_cont	-577.01	1168.02	147.20280395518225	902.0	846.45	56
AG1-AG2	sec_cont	-561.77	1137.54	145.40764780938733	891.0	1502.33	57
AG1-AG2	sec_cont	-580.3	1174.6	149.81394016724755	918.0	922.64	58
AG1-AG2	sec_cont	-600.08	1214.16	150.95631226002615	925.0	1260.68	59
AG1-AG2	sec_cont	-579.92	1173.84	152.91466441907514	937.0	830.43	60
AG1-AG2	sec_cont	-562.47	1138.94	147.5291959816904	904.0	797.9	61
AG1-AG2	sec_cont	-555.85	1125.7	149.4875481407394	916.0	804.49	62
AG1-AG2	sec_cont	-572.5	1159.0	148.34517604796082	909.0	756.63	63
AG1-AG2	sec_cont	-589.87	1193.74	150.4667242202639	922.0	762.58	64
AG1-AG2	sec_cont	-561.55	1137.1	139.53259133224037	855.0	955.39	65
AG1-AG2	sec_cont	-556.01	1126.02	146.71321591542	899.0	653.4	66
AG1-AG2	sec_cont	-581.95	1177.9	145.73403983589552	893.0	971.04	67
AG1-AG2	sec_cont	-570.81	1155.62	149.97713618050165	919.0	1160.32	68
AG1-AG2	sec_cont	-579.79	1173.58	139.3693953189863	854.0	913.03	69
AG1-AG2	sec_cont	-591.18	1196.36	150.14033219375574	920.0	1221.68	70
AG1-AG2	sec_cont	-549.04	1112.08	148.83476408772307	912.0	2411.06	71
AG1-AG2	sec_cont	-555.94	1125.88	145.89723584914958	894.0	960.16	72
AG1-AG2	sec_cont	-574.66	1163.32	151.60909631304247	929.0	804.96	73
AG1-AG2	sec_cont	-585.27	1184.54	147.5291959816904	904.0	1346.67	74
AG1-AG2	sec_cont	-542.89	1099.78	151.60909631304247	929.0	851.77	75
AG1-AG2	sec_cont	-596.39	1206.78	152.42507637931288	934.0	1147.51	76
AG1-AG2	sec_cont	-584.29	1182.58	145.57084382264142	892.0	953.18	77
AG1-AG2	sec_cont	-568.63	1151.26	152.09868435280472	932.0	705.18	78
AG1-AG2	sec_cont	-568.56	1151.12	152.91466441907514	937.0	789.03	79
AG1-AG2	sec_cont	-561.4	1136.8	151.44590029978838	928.0	765.39	80
AG1-AG2	sec_cont	-612.42	1238.84	151.77229232629654	930.0	1114.65	81
AG1-AG2	sec_cont	-523.32	1060.64	146.06043186240368	895.0	575.16	82
AG1-AG2	sec_cont	-597.08	1208.16	148.34517604796082	909.0	891.88	83
AG1-AG2	sec_cont	-555.0	1124.0	151.93548833955063	931.0	670.79	84
AG1-AG2	sec_cont	-559.11	1132.22	146.71321591542	899.0	766.17	85
AG1-AG2	sec_cont	-578.51	1171.02	146.55001990216593	898.0	1819.29	86
AG1-AG2	sec_cont	-563.5	1141.0	148.67156807446898	911.0	886.28	87
AG1-AG2	sec_cont	-584.27	1182.54	149.81394016724755	918.0	847.47	88
AG1-AG2	sec_cont	-583.0	1180.0	147.6923919949445	905.0	1213.39	89
AG1-AG2	sec_cont	-530.04	1074.08	153.2410564455833	939.0	526.65	90
AG1-AG2	sec_cont	-562.93	1139.86	145.24445179613326	890.0	1093.66	91
AG1-AG2	sec_cont	-546.05	1106.1	147.5291959816904	904.0	670.18	92
AG1-AG2	sec_cont	-592.54	1199.08	152.75146840582104	936.0	926.55	93
AG1-AG2	sec_cont	-604.75	1223.5	153.89384049859962	943.0	1588.91	94
AG1-AG2	sec_cont	-584.82	1183.64	146.22362787565774	896.0	2530.34	95
AG1-AG2	sec_cont	-554.45	1122.9	148.34517604796082	909.0	799.02	96
AG1-AG2	sec_cont	-564.41	1142.82	153.0778604323292	938.0	655.65	97
AG1-AG2	sec_cont	-581.69	1177.38	156.668172723919	960.0	815.57	98
AG1-AG2	sec_cont	-569.44	1152.88	145.73403983589552	893.0	865.78	99
