Pops	Model	Likelihood	AIC	Theta	sfs_sum	chi-squared	bootstrap
AG1-AG2	anc_mig	-580.25	1174.5	143.1004386812282	923.0	1375.16	0
AG1-AG2	anc_mig	-572.0	1158.0	140.6198243595601	907.0	816.17	1
AG1-AG2	anc_mig	-543.94	1101.88	140.15470917424736	904.0	996.29	2
AG1-AG2	anc_mig	-598.51	1211.02	146.20120658331334	943.0	1929.76	3
AG1-AG2	anc_mig	-600.88	1215.76	148.0616673245644	955.0	990.07	4
AG1-AG2	anc_mig	-584.1	1182.2	148.83685930008568	960.0	960.31	5
AG1-AG2	anc_mig	-591.47	1196.94	143.565553866541	926.0	876.51	6
AG1-AG2	anc_mig	-567.57	1149.14	141.55005473018565	913.0	955.74	7
AG1-AG2	anc_mig	-589.56	1193.12	139.53455559383033	900.0	1859.52	8
AG1-AG2	anc_mig	-561.72	1137.44	142.4802851008112	919.0	953.8	9
AG1-AG2	anc_mig	-604.14	1222.28	148.21670571966868	956.0	6684.82	10
AG1-AG2	anc_mig	-570.04	1154.08	142.63532349591546	920.0	863.67	11
AG1-AG2	anc_mig	-592.7	1199.4	140.15470917424736	904.0	4845.32	12
AG1-AG2	anc_mig	-602.0	1218.0	149.1469360902942	962.0	976.23	13
AG1-AG2	anc_mig	-594.85	1203.7	148.21670571966868	956.0	952.57	14
AG1-AG2	anc_mig	-547.61	1109.22	139.6895939889346	901.0	819.99	15
AG1-AG2	anc_mig	-550.23	1114.46	144.65082263227077	933.0	711.39	16
AG1-AG2	anc_mig	-580.46	1174.92	142.4802851008112	919.0	920.74	17
AG1-AG2	anc_mig	-543.64	1101.28	142.17020831060267	917.0	876.77	18
AG1-AG2	anc_mig	-587.86	1189.72	140.6198243595601	907.0	1058.96	19
AG1-AG2	anc_mig	-579.83	1173.66	135.96867250643245	877.0	996.57	20
AG1-AG2	anc_mig	-547.55	1109.1	143.41051547143672	925.0	684.2	21
AG1-AG2	anc_mig	-593.51	1201.02	142.17020831060267	917.0	1000.69	22
AG1-AG2	anc_mig	-557.86	1129.72	146.20120658331334	943.0	1230.9	23
AG1-AG2	anc_mig	-586.76	1187.52	137.67409485257926	888.0	1035.97	24
AG1-AG2	anc_mig	-554.39	1122.78	143.1004386812282	923.0	784.78	25
AG1-AG2	anc_mig	-578.94	1171.88	141.3950163350814	912.0	1416.44	26
AG1-AG2	anc_mig	-581.96	1177.92	137.98417164278777	890.0	1051.08	27
AG1-AG2	anc_mig	-572.45	1158.9	145.42601460779207	938.0	1967.81	28
AG1-AG2	anc_mig	-558.52	1131.04	143.1004386812282	923.0	989.98	29
AG1-AG2	anc_mig	-561.06	1136.12	138.6043252232048	894.0	1005.96	30
AG1-AG2	anc_mig	-602.2	1218.4	141.55005473018565	913.0	2086.64	31
AG1-AG2	anc_mig	-562.3	1138.6	147.13143695393887	949.0	842.49	32
AG1-AG2	anc_mig	-533.71	1081.42	139.3795171987261	899.0	796.33	33
AG1-AG2	anc_mig	-525.11	1064.22	142.94540028612397	922.0	1456.23	34
AG1-AG2	anc_mig	-568.93	1151.86	140.46478596445587	906.0	1203.15	35
AG1-AG2	anc_mig	-587.76	1189.52	145.2709762126878	937.0	1373.68	36
AG1-AG2	anc_mig	-585.96	1185.92	138.6043252232048	894.0	1569.42	37
AG1-AG2	anc_mig	-560.89	1135.78	144.9608994224793	935.0	1319.6	38
AG1-AG2	anc_mig	-592.39	1198.78	142.4802851008112	919.0	1434.37	39
AG1-AG2	anc_mig	-577.73	1169.46	140.46478596445587	906.0	2065.14	40
AG1-AG2	anc_mig	-553.4	1120.8	144.80586102737504	934.0	949.3	41
AG1-AG2	anc_mig	-573.51	1161.02	136.898902877058	883.0	835.23	42
AG1-AG2	anc_mig	-588.99	1191.98	143.41051547143672	925.0	977.51	43
AG1-AG2	anc_mig	-555.32	1124.64	137.2089796672665	885.0	775.91	44
AG1-AG2	anc_mig	-578.7	1171.4	145.73609139800058	940.0	1235.38	45
AG1-AG2	anc_mig	-530.92	1075.84	135.81363411132818	876.0	662.27	46
AG1-AG2	anc_mig	-550.8	1115.6	144.18570744695802	930.0	744.16	47
AG1-AG2	anc_mig	-545.59	1105.18	140.30974756935163	905.0	856.45	48
AG1-AG2	anc_mig	-574.63	1163.26	144.65082263227077	933.0	833.16	49
AG1-AG2	anc_mig	-561.13	1136.26	142.01516991549843	916.0	703.13	50
AG1-AG2	anc_mig	-571.48	1156.96	136.4337876917452	880.0	939.9	51
AG1-AG2	anc_mig	-539.82	1093.64	136.4337876917452	880.0	1223.01	52
AG1-AG2	anc_mig	-595.81	1205.62	138.9144020134133	896.0	1241.45	53
AG1-AG2	anc_mig	-579.14	1172.28	139.99967077914312	903.0	1733.44	54
AG1-AG2	anc_mig	-564.59	1143.18	137.82913324768353	889.0	3013.83	55
AG1-AG2	anc_mig	-524.77	1063.54	136.27874929664097	879.0	833.41	56
AG1-AG2	anc_mig	-562.21	1138.42	137.05394127216223	884.0	781.55	57
AG1-AG2	anc_mig	-600.91	1215.82	152.40274238748358	983.0	1336.39	58
AG1-AG2	anc_mig	-632.99	1279.98	144.18570744695802	930.0	1799.05	59
AG1-AG2	anc_mig	-542.64	1099.28	141.0849395448729	910.0	940.65	60
AG1-AG2	anc_mig	-604.67	1223.34	146.20120658331334	943.0	1025.84	61
AG1-AG2	anc_mig	-583.56	1181.12	139.84463238403885	902.0	932.89	62
AG1-AG2	anc_mig	-602.83	1219.66	145.89112979310482	941.0	1012.96	63
AG1-AG2	anc_mig	-571.67	1157.34	146.0461681882091	942.0	957.97	64
AG1-AG2	anc_mig	-556.86	1127.72	134.7283653455984	869.0	916.43	65
AG1-AG2	anc_mig	-577.33	1168.66	140.15470917424736	904.0	1074.89	66
AG1-AG2	anc_mig	-581.93	1177.86	144.65082263227077	933.0	720.54	67
AG1-AG2	anc_mig	-577.98	1169.96	145.11593781758356	936.0	952.22	68
AG1-AG2	anc_mig	-611.23	1236.46	140.15470917424736	904.0	2158.06	69
AG1-AG2	anc_mig	-591.27	1196.54	137.2089796672665	885.0	6101.46	70
AG1-AG2	anc_mig	-562.3	1138.6	144.34074584206226	931.0	710.46	71
AG1-AG2	anc_mig	-566.98	1147.96	134.10821176518138	865.0	1543.39	72
AG1-AG2	anc_mig	-554.85	1123.7	141.70509312528992	914.0	682.95	73
AG1-AG2	anc_mig	-567.35	1148.7	136.74386448195372	882.0	1290.35	74
AG1-AG2	anc_mig	-546.93	1107.86	140.15470917424736	904.0	1995.58	75
AG1-AG2	anc_mig	-562.27	1138.54	137.2089796672665	885.0	829.99	76
AG1-AG2	anc_mig	-547.19	1108.38	139.3795171987261	899.0	1168.31	77
AG1-AG2	anc_mig	-538.82	1091.64	137.98417164278777	890.0	644.18	78
AG1-AG2	anc_mig	-575.95	1165.9	142.94540028612397	922.0	1051.84	79
AG1-AG2	anc_mig	-569.25	1152.5	142.17020831060267	917.0	1040.61	80
AG1-AG2	anc_mig	-571.7	1157.4	149.1469360902942	962.0	736.38	81
AG1-AG2	anc_mig	-578.35	1170.7	144.80586102737504	934.0	1401.59	82
AG1-AG2	anc_mig	-571.2	1156.4	143.1004386812282	923.0	1041.31	83
AG1-AG2	anc_mig	-563.58	1141.16	139.53455559383033	900.0	794.92	84
AG1-AG2	anc_mig	-565.09	1144.18	144.18570744695802	930.0	1396.39	85
AG1-AG2	anc_mig	-594.53	1203.06	144.34074584206226	931.0	1310.37	86
AG1-AG2	anc_mig	-569.53	1153.06	142.01516991549843	916.0	776.62	87
AG1-AG2	anc_mig	-608.49	1230.98	143.8756306567495	928.0	2028.37	88
AG1-AG2	anc_mig	-594.02	1202.04	141.23997793997714	911.0	1554.32	89
AG1-AG2	anc_mig	-607.67	1229.34	142.17020831060267	917.0	1282.86	90
AG1-AG2	anc_mig	-551.82	1117.64	138.6043252232048	894.0	926.25	91
AG1-AG2	anc_mig	-542.8	1099.6	139.84463238403885	902.0	792.95	92
AG1-AG2	anc_mig	-562.94	1139.88	139.99967077914312	903.0	938.77	93
AG1-AG2	anc_mig	-580.7	1175.4	149.1469360902942	962.0	852.39	94
AG1-AG2	anc_mig	-577.65	1169.3	138.6043252232048	894.0	1812.42	95
AG1-AG2	anc_mig	-625.65	1265.3	142.7903618910197	921.0	2199.72	96
AG1-AG2	anc_mig	-589.36	1192.72	141.86013152039416	915.0	1406.68	97
AG1-AG2	anc_mig	-591.8	1197.6	136.4337876917452	880.0	1177.11	98
AG1-AG2	anc_mig	-572.91	1159.82	140.92990114976863	909.0	974.21	99
