Pops	Model	Likelihood	AIC	Theta	sfs_sum	chi-squared	bootstrap
AG1-AG2	iso_inbred	-630.96	1271.92	239.3317666252823	905.0	2165.14	0
AG1-AG2	iso_inbred	-618.19	1246.38	246.73650636617504	933.0	3098.91	1
AG1-AG2	iso_inbred	-683.74	1377.48	252.29006117184457	954.0	4472.85	2
AG1-AG2	iso_inbred	-623.13	1256.26	241.976316532744	915.0	1380.37	3
AG1-AG2	iso_inbred	-608.35	1226.7	240.91849656975933	911.0	1224.88	4
AG1-AG2	iso_inbred	-639.42	1288.84	236.68721671782063	895.0	1945.91	5
AG1-AG2	iso_inbred	-644.09	1298.18	250.70333122736756	948.0	1733.2	6
AG1-AG2	iso_inbred	-587.3	1184.6	235.10048677334362	889.0	2936.0	7
AG1-AG2	iso_inbred	-628.35	1266.7	244.3564114494595	924.0	1688.79	8
AG1-AG2	iso_inbred	-634.61	1279.22	239.5962216160285	906.0	1567.01	9
AG1-AG2	iso_inbred	-674.77	1359.54	249.38105627363672	943.0	4865.34	10
AG1-AG2	iso_inbred	-612.0	1234.0	240.12513159752083	908.0	1053.49	11
AG1-AG2	iso_inbred	-609.34	1228.68	235.3649417640898	890.0	2081.33	12
AG1-AG2	iso_inbred	-594.41	1198.82	235.62939675483597	891.0	2077.78	13
AG1-AG2	iso_inbred	-654.24	1318.48	243.563046477221	921.0	1591.32	14
AG1-AG2	iso_inbred	-699.43	1408.86	241.1829515605055	912.0	15895.47	15
AG1-AG2	iso_inbred	-633.19	1276.38	245.4142314124442	928.0	1057.05	16
AG1-AG2	iso_inbred	-640.6	1291.2	250.1744212458752	946.0	1794.41	17
AG1-AG2	iso_inbred	-626.41	1262.82	244.09195645871336	923.0	3129.5	18
AG1-AG2	iso_inbred	-662.93	1335.86	234.30712180110513	886.0	15954.31	19
AG1-AG2	iso_inbred	-592.39	1194.78	241.44740655125167	913.0	1371.83	20
AG1-AG2	iso_inbred	-625.59	1261.18	235.62939675483597	891.0	2973.69	21
AG1-AG2	iso_inbred	-606.93	1223.86	234.30712180110513	886.0	1328.74	22
AG1-AG2	iso_inbred	-645.19	1300.38	250.43887623662138	947.0	1117.32	23
AG1-AG2	iso_inbred	-620.82	1251.64	236.9516717085668	896.0	5895.13	24
AG1-AG2	iso_inbred	-627.97	1265.94	228.48911200468942	864.0	4661.79	25
AG1-AG2	iso_inbred	-619.09	1248.18	247.26541634766735	935.0	4212.17	26
AG1-AG2	iso_inbred	-632.95	1275.9	235.62939675483597	891.0	5834.66	27
AG1-AG2	iso_inbred	-609.49	1228.98	241.976316532744	915.0	1444.3	28
AG1-AG2	iso_inbred	-630.25	1270.5	248.05878131990588	938.0	1446.83	29
AG1-AG2	iso_inbred	-645.95	1301.9	247.26541634766735	935.0	1452.46	30
AG1-AG2	iso_inbred	-710.34	1430.68	240.38958658826698	909.0	3592.49	31
AG1-AG2	iso_inbred	-609.12	1228.24	235.10048677334362	889.0	1541.39	32
AG1-AG2	iso_inbred	-628.24	1266.48	240.65404157901315	910.0	1435.44	33
AG1-AG2	iso_inbred	-625.12	1260.24	251.2322412088599	950.0	4278.02	34
AG1-AG2	iso_inbred	-651.71	1313.42	234.30712180110513	886.0	1551.86	35
AG1-AG2	iso_inbred	-627.0	1264.0	243.563046477221	921.0	2881.69	36
AG1-AG2	iso_inbred	-588.65	1187.3	240.12513159752083	908.0	1888.7	37
AG1-AG2	iso_inbred	-623.72	1257.44	243.03413649572866	919.0	2157.14	38
AG1-AG2	iso_inbred	-628.98	1267.96	239.06731163453614	904.0	5511.52	39
AG1-AG2	iso_inbred	-636.35	1282.7	242.50522651423634	917.0	3564.24	40
AG1-AG2	iso_inbred	-646.82	1303.64	248.5876913013982	940.0	1925.53	41
AG1-AG2	iso_inbred	-678.46	1366.92	247.52987133841353	936.0	1236.17	42
AG1-AG2	iso_inbred	-621.74	1253.48	245.67868640319037	929.0	5770.39	43
AG1-AG2	iso_inbred	-621.61	1253.22	239.86067660677466	907.0	1295.68	44
AG1-AG2	iso_inbred	-626.72	1263.44	234.83603178259744	888.0	1219.44	45
AG1-AG2	iso_inbred	-632.4	1274.8	243.82750146796718	922.0	976.38	46
AG1-AG2	iso_inbred	-659.26	1328.52	242.50522651423634	917.0	1607.69	47
AG1-AG2	iso_inbred	-651.97	1313.94	250.70333122736756	948.0	3285.95	48
AG1-AG2	iso_inbred	-635.91	1281.82	240.91849656975933	911.0	15101.46	49
AG1-AG2	iso_inbred	-642.25	1294.5	247.52987133841353	936.0	999.82	50
AG1-AG2	iso_inbred	-660.53	1331.06	257.0502510052756	972.0	1376.03	51
AG1-AG2	iso_inbred	-634.23	1278.46	237.21612669931298	897.0	7646.98	52
AG1-AG2	iso_inbred	-659.55	1329.1	237.7450366808053	899.0	3104.46	53
AG1-AG2	iso_inbred	-624.8	1259.6	238.80285664378997	903.0	884.93	54
AG1-AG2	iso_inbred	-619.38	1248.76	239.3317666252823	905.0	4366.98	55
AG1-AG2	iso_inbred	-634.45	1278.9	235.62939675483597	891.0	1417.28	56
AG1-AG2	iso_inbred	-614.61	1239.22	238.80285664378997	903.0	5870.8	57
AG1-AG2	iso_inbred	-633.49	1276.98	245.4142314124442	928.0	1470.67	58
AG1-AG2	iso_inbred	-675.36	1360.72	248.32323631065205	939.0	1625.14	59
AG1-AG2	iso_inbred	-659.45	1328.9	240.12513159752083	908.0	1879.06	60
AG1-AG2	iso_inbred	-655.46	1320.92	249.11660128289054	942.0	1673.4	61
AG1-AG2	iso_inbred	-624.57	1259.14	236.15830673632829	893.0	1600.06	62
AG1-AG2	iso_inbred	-655.78	1321.56	241.71186154199782	914.0	1316.65	63
AG1-AG2	iso_inbred	-611.88	1233.76	242.24077152349017	916.0	2452.53	64
AG1-AG2	iso_inbred	-600.98	1211.96	236.42276172707446	894.0	1383.86	65
AG1-AG2	iso_inbred	-623.06	1256.12	240.38958658826698	909.0	958.49	66
AG1-AG2	iso_inbred	-667.28	1344.56	246.73650636617504	933.0	1261.41	67
AG1-AG2	iso_inbred	-613.48	1236.96	236.15830673632829	893.0	924.93	68
AG1-AG2	iso_inbred	-619.08	1248.16	238.53840165304382	902.0	1764.8	69
AG1-AG2	iso_inbred	-631.82	1273.64	242.50522651423634	917.0	1846.63	70
AG1-AG2	iso_inbred	-609.31	1228.62	241.71186154199782	914.0	845.95	71
AG1-AG2	iso_inbred	-622.91	1255.82	251.49669619960605	951.0	1822.62	72
AG1-AG2	iso_inbred	-663.91	1337.82	240.91849656975933	911.0	5149.69	73
AG1-AG2	iso_inbred	-633.95	1277.9	244.88532143095185	926.0	2980.32	74
AG1-AG2	iso_inbred	-636.56	1283.12	232.7203918566281	880.0	4544.84	75
AG1-AG2	iso_inbred	-623.39	1256.78	241.976316532744	915.0	1180.6	76
AG1-AG2	iso_inbred	-622.77	1255.54	236.42276172707446	894.0	2949.5	77
AG1-AG2	iso_inbred	-610.45	1230.9	236.68721671782063	895.0	851.24	78
AG1-AG2	iso_inbred	-663.89	1337.78	249.6455112643829	944.0	3388.05	79
AG1-AG2	iso_inbred	-632.02	1274.04	244.3564114494595	924.0	1496.45	80
AG1-AG2	iso_inbred	-610.19	1230.38	247.26541634766735	935.0	1091.22	81
AG1-AG2	iso_inbred	-622.92	1255.84	239.86067660677466	907.0	1779.88	82
AG1-AG2	iso_inbred	-669.87	1349.74	251.49669619960605	951.0	1598.74	83
AG1-AG2	iso_inbred	-583.12	1176.24	232.19148187513576	878.0	1248.58	84
AG1-AG2	iso_inbred	-635.35	1280.7	248.5876913013982	940.0	1596.56	85
AG1-AG2	iso_inbred	-616.69	1243.38	245.14977642169802	927.0	1366.61	86
AG1-AG2	iso_inbred	-629.76	1269.52	244.3564114494595	924.0	1419.76	87
AG1-AG2	iso_inbred	-620.65	1251.3	241.1829515605055	912.0	9369.22	88
AG1-AG2	iso_inbred	-618.32	1246.64	245.94314139393651	930.0	1198.74	89
AG1-AG2	iso_inbred	-615.52	1241.04	244.88532143095185	926.0	2165.98	90
AG1-AG2	iso_inbred	-607.58	1225.16	236.68721671782063	895.0	1193.21	91
AG1-AG2	iso_inbred	-618.4	1246.8	236.42276172707446	894.0	1621.84	92
AG1-AG2	iso_inbred	-576.36	1162.72	235.89385174558214	892.0	801.41	93
AG1-AG2	iso_inbred	-607.0	1224.0	237.7450366808053	899.0	4691.68	94
AG1-AG2	iso_inbred	-652.9	1315.8	245.14977642169802	927.0	6666.67	95
AG1-AG2	iso_inbred	-640.11	1290.22	235.62939675483597	891.0	911.25	96
AG1-AG2	iso_inbred	-598.98	1207.96	235.62939675483597	891.0	1451.26	97
AG1-AG2	iso_inbred	-589.7	1189.4	245.94314139393651	930.0	749.85	98
AG1-AG2	iso_inbred	-674.18	1358.36	244.3564114494595	924.0	15848.43	99
