Pops	Model	Likelihood	AIC	Theta	sfs_sum	chi-squared	bootstrap
AG2-AL2	anc_mig	-444.72	903.44	63.39613733578914	600.0	895.33	0
AG2-AL2	anc_mig	-424.61	863.22	66.88292488925754	633.0	821.86	1
AG2-AL2	anc_mig	-439.06	892.12	66.46028397368562	629.0	903.17	2
AG2-AL2	anc_mig	-416.0	846.0	64.66406008250492	612.0	759.84	3
AG2-AL2	anc_mig	-462.2	938.4	71.00367381608383	672.0	1010.48	4
AG2-AL2	anc_mig	-436.15	886.3	70.58103290051191	668.0	848.19	5
AG2-AL2	anc_mig	-432.3	878.6	68.04518740708035	644.0	727.77	6
AG2-AL2	anc_mig	-415.93	845.86	65.08670099807685	616.0	692.74	7
AG2-AL2	anc_mig	-415.21	844.42	68.04518740708035	644.0	683.62	8
AG2-AL2	anc_mig	-440.09	894.18	68.57348855154525	649.0	831.96	9
AG2-AL2	anc_mig	-403.58	821.16	67.62254649150842	640.0	665.31	10
AG2-AL2	anc_mig	-442.41	898.82	67.19990557593648	636.0	855.52	11
AG2-AL2	anc_mig	-440.72	895.44	67.19990557593648	636.0	787.45	12
AG2-AL2	anc_mig	-410.7	835.4	63.924438480254054	605.0	670.49	13
AG2-AL2	anc_mig	-413.35	840.7	67.30556580482947	637.0	663.45	14
AG2-AL2	anc_mig	-436.01	886.02	67.30556580482947	637.0	837.09	15
AG2-AL2	anc_mig	-416.07	846.14	66.67160443147158	631.0	758.15	16
AG2-AL2	anc_mig	-426.8	867.6	73.32819885172944	694.0	645.18	17
AG2-AL2	anc_mig	-440.49	894.98	69.52443061158209	658.0	879.42	18
AG2-AL2	anc_mig	-434.61	883.22	67.83386694929438	642.0	758.75	19
AG2-AL2	anc_mig	-417.2	848.4	65.72066237143474	622.0	733.79	20
AG2-AL2	anc_mig	-394.59	803.18	68.78480900933121	651.0	630.2	21
AG2-AL2	anc_mig	-428.05	870.1	64.55839985361195	611.0	887.52	22
AG2-AL2	anc_mig	-374.28	762.56	66.24896351589965	627.0	518.09	23
AG2-AL2	anc_mig	-427.32	868.64	70.15839198493998	664.0	677.33	24
AG2-AL2	anc_mig	-463.64	941.28	68.57348855154525	649.0	1027.71	25
AG2-AL2	anc_mig	-430.33	874.66	66.35462374479263	628.0	924.97	26
AG2-AL2	anc_mig	-413.88	841.76	66.46028397368562	629.0	733.51	27
AG2-AL2	anc_mig	-427.4	868.8	68.99612946711719	653.0	748.78	28
AG2-AL2	anc_mig	-424.94	863.88	70.26405221383297	665.0	714.67	29
AG2-AL2	anc_mig	-394.26	802.52	69.52443061158209	658.0	558.66	30
AG2-AL2	anc_mig	-459.76	933.52	66.03764305811369	625.0	1008.79	31
AG2-AL2	anc_mig	-447.56	909.12	68.57348855154525	649.0	877.83	32
AG2-AL2	anc_mig	-416.5	847.0	66.67160443147158	631.0	624.4	33
AG2-AL2	anc_mig	-410.82	835.64	67.09424534704351	635.0	661.31	34
AG2-AL2	anc_mig	-444.54	903.08	63.079156649110196	597.0	1012.81	35
AG2-AL2	anc_mig	-430.74	875.48	64.45273962471896	610.0	924.69	36
AG2-AL2	anc_mig	-434.78	883.56	65.29802145586281	618.0	922.1	37
AG2-AL2	anc_mig	-413.85	841.7	59.59236909564179	564.0	743.66	38
AG2-AL2	anc_mig	-440.43	894.86	66.35462374479263	628.0	836.16	39
AG2-AL2	anc_mig	-421.12	856.24	66.98858511815052	634.0	748.28	40
AG2-AL2	anc_mig	-414.29	842.58	67.7282067204014	641.0	668.44	41
AG2-AL2	anc_mig	-407.23	828.46	66.03764305811369	625.0	645.24	42
AG2-AL2	anc_mig	-442.65	899.3	67.41122603372246	638.0	851.56	43
AG2-AL2	anc_mig	-403.43	820.86	66.88292488925754	633.0	663.39	44
AG2-AL2	anc_mig	-442.97	899.94	66.03764305811369	625.0	918.02	45
AG2-AL2	anc_mig	-458.38	930.76	66.35462374479263	628.0	967.07	46
AG2-AL2	anc_mig	-409.55	833.1	66.35462374479263	628.0	679.2	47
AG2-AL2	anc_mig	-390.05	794.1	65.72066237143474	622.0	562.78	48
AG2-AL2	anc_mig	-445.79	905.58	70.15839198493998	664.0	957.69	49
AG2-AL2	anc_mig	-431.69	877.38	64.45273962471896	610.0	869.51	50
AG2-AL2	anc_mig	-423.14	860.28	68.78480900933121	651.0	777.78	51
AG2-AL2	anc_mig	-467.91	949.82	68.67914878043824	650.0	907.85	52
AG2-AL2	anc_mig	-464.95	943.9	70.89801358719086	671.0	951.02	53
AG2-AL2	anc_mig	-415.62	845.24	66.67160443147158	631.0	686.32	54
AG2-AL2	anc_mig	-401.36	816.72	68.15084763597332	645.0	671.14	55
AG2-AL2	anc_mig	-450.27	914.54	68.25650786486631	646.0	972.7	56
AG2-AL2	anc_mig	-421.2	856.4	69.94707152715402	662.0	675.32	57
AG2-AL2	anc_mig	-412.11	838.22	65.50934191364878	620.0	839.17	58
AG2-AL2	anc_mig	-436.07	886.14	66.35462374479263	628.0	866.15	59
AG2-AL2	anc_mig	-450.05	914.1	64.34707939582597	609.0	859.88	60
AG2-AL2	anc_mig	-455.55	925.1	66.56594420257859	630.0	923.42	61
AG2-AL2	anc_mig	-420.27	854.54	69.4187703826891	657.0	735.53	62
AG2-AL2	anc_mig	-413.42	840.84	70.052731756047	663.0	630.52	63
AG2-AL2	anc_mig	-445.51	905.02	68.57348855154525	649.0	843.48	64
AG2-AL2	anc_mig	-428.95	871.9	67.51688626261543	639.0	819.05	65
AG2-AL2	anc_mig	-423.81	861.62	66.88292488925754	633.0	784.0	66
AG2-AL2	anc_mig	-424.55	863.1	65.19236122696984	617.0	819.1	67
AG2-AL2	anc_mig	-464.01	942.02	69.63009084047508	659.0	1029.33	68
AG2-AL2	anc_mig	-404.38	822.76	63.29047710689616	599.0	773.01	69
AG2-AL2	anc_mig	-432.54	879.08	67.41122603372246	638.0	665.32	70
AG2-AL2	anc_mig	-453.6	921.2	69.31311015379613	656.0	830.4	71
AG2-AL2	anc_mig	-451.83	917.66	69.73575106936805	660.0	818.29	72
AG2-AL2	anc_mig	-447.51	909.02	69.4187703826891	657.0	894.04	73
AG2-AL2	anc_mig	-456.64	927.28	69.94707152715402	662.0	931.62	74
AG2-AL2	anc_mig	-425.92	865.84	67.93952717818736	643.0	765.31	75
AG2-AL2	anc_mig	-424.42	862.84	65.72066237143474	622.0	900.62	76
AG2-AL2	anc_mig	-477.68	969.36	71.32065450276278	675.0	1267.64	77
AG2-AL2	anc_mig	-416.34	846.68	69.52443061158209	658.0	649.65	78
AG2-AL2	anc_mig	-441.84	897.68	67.19990557593648	636.0	813.84	79
AG2-AL2	anc_mig	-440.74	895.48	68.67914878043824	650.0	850.89	80
AG2-AL2	anc_mig	-445.96	905.92	69.31311015379613	656.0	900.69	81
AG2-AL2	anc_mig	-415.88	845.76	66.88292488925754	633.0	718.41	82
AG2-AL2	anc_mig	-432.66	879.32	69.4187703826891	657.0	829.87	83
AG2-AL2	anc_mig	-423.26	860.52	66.77726466036457	632.0	710.48	84
AG2-AL2	anc_mig	-407.31	828.62	68.67914878043824	650.0	655.65	85
AG2-AL2	anc_mig	-423.87	861.74	64.13575893804001	607.0	828.95	86
AG2-AL2	anc_mig	-401.04	816.08	64.55839985361195	611.0	662.41	87
AG2-AL2	anc_mig	-424.61	863.22	67.7282067204014	641.0	803.66	88
AG2-AL2	anc_mig	-425.52	865.04	65.50934191364878	620.0	823.52	89
AG2-AL2	anc_mig	-441.79	897.58	70.36971244272594	666.0	828.69	90
AG2-AL2	anc_mig	-440.81	895.62	68.46782832265227	648.0	810.43	91
AG2-AL2	anc_mig	-430.25	874.5	67.7282067204014	641.0	765.54	92
AG2-AL2	anc_mig	-406.68	827.36	68.57348855154525	649.0	624.14	93
AG2-AL2	anc_mig	-439.63	893.26	67.30556580482947	637.0	836.46	94
AG2-AL2	anc_mig	-447.12	908.24	67.30556580482947	637.0	903.19	95
AG2-AL2	anc_mig	-409.9	833.8	68.46782832265227	648.0	674.77	96
AG2-AL2	anc_mig	-441.83	897.66	64.7697203113979	613.0	867.39	97
AG2-AL2	anc_mig	-434.14	882.28	64.13575893804001	607.0	829.16	98
AG2-AL2	anc_mig	-433.01	880.02	65.61500214254175	621.0	803.39	99
