Pops	Model	Likelihood	AIC	Theta	sfs_sum	chi-squared	bootstrap
AG2-AL1	sec_cont	-300.81	615.62	144.36415354130895	553.0	382.88	0
AG2-AL1	sec_cont	-322.7	659.4	140.97042117957835	540.0	566.64	1
AG2-AL1	sec_cont	-293.9	601.8	138.6209141599187	531.0	426.8	2
AG2-AL1	sec_cont	-296.99	607.98	141.75359018613156	543.0	385.22	3
AG2-AL1	sec_cont	-277.9	569.8	142.7978155282025	547.0	291.34	4
AG2-AL1	sec_cont	-311.0	636.0	142.7978155282025	547.0	441.22	5
AG2-AL1	sec_cont	-337.25	688.5	143.58098453475571	550.0	508.16	6
AG2-AL1	sec_cont	-264.91	543.82	129.4839424167979	496.0	320.59	7
AG2-AL1	sec_cont	-306.55	627.1	145.14732254786216	556.0	443.21	8
AG2-AL1	sec_cont	-310.56	635.12	148.80211124511047	570.0	352.86	9
AG2-AL1	sec_cont	-331.47	676.94	152.4568999423588	584.0	522.97	10
AG2-AL1	sec_cont	-290.38	594.76	157.41697031719582	603.0	299.29	11
AG2-AL1	sec_cont	-291.22	596.44	148.80211124511047	570.0	339.87	12
AG2-AL1	sec_cont	-319.47	652.94	148.279998574075	568.0	486.34	13
AG2-AL1	sec_cont	-300.31	614.62	154.02323795546522	590.0	326.46	14
AG2-AL1	sec_cont	-281.57	577.14	143.05887186372024	548.0	307.82	15
AG2-AL1	sec_cont	-312.93	639.86	141.49253385061382	542.0	406.74	16
AG2-AL1	sec_cont	-289.45	592.9	149.32422391614597	572.0	339.36	17
AG2-AL1	sec_cont	-302.81	619.62	150.3684492582169	576.0	374.94	18
AG2-AL1	sec_cont	-283.87	581.74	151.6737309358056	581.0	264.14	19
AG2-AL1	sec_cont	-294.17	602.34	139.9261958375074	536.0	353.88	20
AG2-AL1	sec_cont	-304.63	623.26	149.5852802516637	573.0	362.97	21
AG2-AL1	sec_cont	-312.72	639.44	148.54105490959273	569.0	451.82	22
AG2-AL1	sec_cont	-310.14	634.28	148.01894223855726	567.0	408.26	23
AG2-AL1	sec_cont	-332.3	678.6	146.71366056096858	562.0	540.06	24
AG2-AL1	sec_cont	-325.88	665.76	144.88626621234442	555.0	427.18	25
AG2-AL1	sec_cont	-310.7	635.4	150.10739292269918	575.0	411.49	26
AG2-AL1	sec_cont	-308.18	630.36	142.53675919268477	546.0	393.84	27
AG2-AL1	sec_cont	-290.05	594.1	149.5852802516637	573.0	318.14	28
AG2-AL1	sec_cont	-300.39	614.78	140.18725217302514	537.0	370.76	29
AG2-AL1	sec_cont	-316.4	646.8	142.53675919268477	546.0	440.7	30
AG2-AL1	sec_cont	-321.64	657.28	137.31563248233002	526.0	498.98	31
AG2-AL1	sec_cont	-314.79	643.58	158.98330833030224	609.0	347.51	32
AG2-AL1	sec_cont	-284.7	583.4	135.22718179818813	518.0	365.99	33
AG2-AL1	sec_cont	-309.95	633.9	147.23577323200405	564.0	424.33	34
AG2-AL1	sec_cont	-300.47	614.94	142.53675919268477	546.0	388.77	35
AG2-AL1	sec_cont	-288.92	591.84	141.49253385061382	542.0	312.32	36
AG2-AL1	sec_cont	-307.74	629.48	147.75788590303952	566.0	422.86	37
AG2-AL1	sec_cont	-315.69	645.38	149.32422391614597	572.0	419.84	38
AG2-AL1	sec_cont	-274.75	563.5	141.75359018613156	543.0	354.88	39
AG2-AL1	sec_cont	-297.3	608.6	139.40408316647193	534.0	380.21	40
AG2-AL1	sec_cont	-293.26	600.52	148.01894223855726	567.0	325.66	41
AG2-AL1	sec_cont	-308.57	631.14	148.54105490959273	569.0	443.62	42
AG2-AL1	sec_cont	-305.03	624.06	142.27570285716703	545.0	359.7	43
AG2-AL1	sec_cont	-323.85	661.7	151.6737309358056	581.0	439.66	44
AG2-AL1	sec_cont	-310.11	634.22	147.4968295675218	565.0	400.88	45
AG2-AL1	sec_cont	-311.08	636.16	138.88197049543643	532.0	440.62	46
AG2-AL1	sec_cont	-297.34	608.68	149.5852802516637	573.0	372.48	47
AG2-AL1	sec_cont	-310.1	634.2	142.27570285716703	545.0	412.1	48
AG2-AL1	sec_cont	-331.93	677.86	155.8506323040894	597.0	541.99	49
AG2-AL1	sec_cont	-325.22	664.44	154.28429429098298	591.0	480.5	50
AG2-AL1	sec_cont	-321.48	656.96	139.1430268309542	533.0	542.83	51
AG2-AL1	sec_cont	-306.43	626.86	135.22718179818813	518.0	404.6	52
AG2-AL1	sec_cont	-306.17	626.34	146.1915478899331	560.0	388.6	53
AG2-AL1	sec_cont	-307.95	629.9	144.88626621234442	555.0	422.88	54
AG2-AL1	sec_cont	-295.76	605.52	146.9747168964863	563.0	395.12	55
AG2-AL1	sec_cont	-282.58	579.16	140.97042117957835	540.0	322.59	56
AG2-AL1	sec_cont	-294.82	603.64	142.53675919268477	546.0	364.2	57
AG2-AL1	sec_cont	-277.85	569.7	145.4083788833799	557.0	299.0	58
AG2-AL1	sec_cont	-315.52	645.04	152.4568999423588	584.0	425.15	59
AG2-AL1	sec_cont	-300.31	614.62	139.40408316647193	534.0	363.19	60
AG2-AL1	sec_cont	-295.2	604.4	141.49253385061382	542.0	351.16	61
AG2-AL1	sec_cont	-292.78	599.56	138.35985782440096	530.0	368.61	62
AG2-AL1	sec_cont	-300.2	614.4	156.89485764616035	601.0	332.51	63
AG2-AL1	sec_cont	-322.78	659.56	151.6737309358056	581.0	442.61	64
AG2-AL1	sec_cont	-278.15	570.3	140.97042117957835	540.0	335.08	65
AG2-AL1	sec_cont	-307.63	629.26	140.70936484406062	539.0	435.09	66
AG2-AL1	sec_cont	-302.14	618.28	143.31992819923798	549.0	438.27	67
AG2-AL1	sec_cont	-289.57	593.14	137.31563248233002	526.0	417.94	68
AG2-AL1	sec_cont	-342.34	698.68	145.93049155441537	559.0	512.34	69
AG2-AL1	sec_cont	-322.21	658.42	153.240068948912	587.0	416.69	70
AG2-AL1	sec_cont	-314.88	643.76	145.14732254786216	556.0	423.93	71
AG2-AL1	sec_cont	-320.34	654.68	146.1915478899331	560.0	432.48	72
AG2-AL1	sec_cont	-274.3	562.6	142.7978155282025	547.0	283.44	73
AG2-AL1	sec_cont	-295.81	605.62	144.6252098768267	554.0	387.48	74
AG2-AL1	sec_cont	-286.38	586.76	133.66084378508168	512.0	391.56	75
AG2-AL1	sec_cont	-300.77	615.54	138.88197049543643	532.0	482.89	76
AG2-AL1	sec_cont	-327.48	668.96	135.7492944692236	520.0	491.08	77
AG2-AL1	sec_cont	-298.38	610.76	148.01894223855726	567.0	374.65	78
AG2-AL1	sec_cont	-305.81	625.62	145.14732254786216	556.0	378.36	79
AG2-AL1	sec_cont	-297.59	609.18	143.58098453475571	550.0	361.51	80
AG2-AL1	sec_cont	-307.21	628.42	149.84633658718144	574.0	395.46	81
AG2-AL1	sec_cont	-288.22	590.44	154.02323795546522	590.0	319.77	82
AG2-AL1	sec_cont	-313.8	641.6	150.3684492582169	576.0	454.93	83
AG2-AL1	sec_cont	-316.62	647.24	148.279998574075	568.0	440.9	84
AG2-AL1	sec_cont	-304.19	622.38	148.54105490959273	569.0	375.39	85
AG2-AL1	sec_cont	-286.69	587.38	142.7978155282025	547.0	324.57	86
AG2-AL1	sec_cont	-282.26	578.52	139.66513950198967	535.0	320.89	87
AG2-AL1	sec_cont	-281.32	576.64	139.66513950198967	535.0	291.64	88
AG2-AL1	sec_cont	-337.63	689.26	150.62950559373465	577.0	467.74	89
AG2-AL1	sec_cont	-295.55	605.1	154.54535062650072	592.0	337.32	90
AG2-AL1	sec_cont	-322.47	658.94	142.7978155282025	547.0	524.47	91
AG2-AL1	sec_cont	-310.66	635.32	148.01894223855726	567.0	398.75	92
AG2-AL1	sec_cont	-292.83	599.66	146.71366056096858	562.0	345.49	93
AG2-AL1	sec_cont	-311.65	637.3	154.02323795546522	590.0	385.23	94
AG2-AL1	sec_cont	-319.72	653.44	150.3684492582169	576.0	404.97	95
AG2-AL1	sec_cont	-288.44	590.88	133.66084378508168	512.0	376.88	96
AG2-AL1	sec_cont	-306.71	627.42	157.41697031719582	603.0	400.86	97
AG2-AL1	sec_cont	-312.39	638.78	148.279998574075	568.0	406.79	98
AG2-AL1	sec_cont	-335.25	684.5	155.32851963305393	595.0	492.58	99
