Pops	Model	Likelihood	AIC	Theta	sfs_sum	chi-squared	bootstrap
AL1-AL2	iso_inbred	-661.44	1332.88	258.2697748105036	1001.0	911.88	0
AL1-AL2	iso_inbred	-666.75	1343.5	254.14158660174425	985.0	914.88	1
AL1-AL2	iso_inbred	-598.86	1207.72	255.94766894307645	992.0	627.42	2
AL1-AL2	iso_inbred	-675.72	1361.44	265.4941041758323	1029.0	917.68	3
AL1-AL2	iso_inbred	-632.5	1275.0	261.365915967073	1013.0	789.16	4
AL1-AL2	iso_inbred	-633.69	1277.38	260.8498924409781	1011.0	756.07	5
AL1-AL2	iso_inbred	-651.99	1313.98	265.7521159388798	1030.0	988.5	6
AL1-AL2	iso_inbred	-645.37	1300.74	260.59188067793065	1010.0	887.3	7
AL1-AL2	iso_inbred	-694.96	1399.92	265.4941041758323	1029.0	1008.92	8
AL1-AL2	iso_inbred	-677.43	1364.86	259.55983362574085	1006.0	1182.77	9
AL1-AL2	iso_inbred	-615.58	1241.16	257.2377277583137	997.0	705.45	10
AL1-AL2	iso_inbred	-660.8	1331.6	264.4620571236425	1025.0	926.67	11
AL1-AL2	iso_inbred	-631.19	1272.38	254.91562189088663	988.0	832.34	12
AL1-AL2	iso_inbred	-640.71	1291.42	261.10790420402554	1012.0	827.39	13
AL1-AL2	iso_inbred	-620.99	1251.98	255.689657180029	991.0	734.03	14
AL1-AL2	iso_inbred	-640.98	1291.96	259.3018218626934	1005.0	864.31	15
AL1-AL2	iso_inbred	-614.38	1238.76	263.43001007145267	1021.0	658.98	16
AL1-AL2	iso_inbred	-632.96	1275.92	266.0101277019272	1031.0	749.29	17
AL1-AL2	iso_inbred	-634.66	1279.32	263.68802183450015	1022.0	767.2	18
AL1-AL2	iso_inbred	-627.86	1265.72	266.2681394649747	1032.0	706.16	19
AL1-AL2	iso_inbred	-653.64	1317.28	263.43001007145267	1021.0	868.57	20
AL1-AL2	iso_inbred	-642.87	1295.74	260.3338689148832	1009.0	852.59	21
AL1-AL2	iso_inbred	-622.84	1255.68	264.9780806497374	1027.0	740.35	22
AL1-AL2	iso_inbred	-632.85	1275.7	258.527786573551	1002.0	824.09	23
AL1-AL2	iso_inbred	-670.98	1351.96	257.7537512844086	999.0	985.17	24
AL1-AL2	iso_inbred	-671.42	1352.84	262.3979630192629	1017.0	1009.73	25
AL1-AL2	iso_inbred	-613.34	1236.68	259.55983362574085	1006.0	735.73	26
AL1-AL2	iso_inbred	-628.73	1267.46	250.78743368212733	972.0	779.11	27
AL1-AL2	iso_inbred	-656.62	1323.24	263.68802183450015	1022.0	847.27	28
AL1-AL2	iso_inbred	-639.11	1288.22	260.59188067793065	1010.0	789.74	29
AL1-AL2	iso_inbred	-620.67	1251.34	256.7217042322188	995.0	681.34	30
AL1-AL2	iso_inbred	-616.59	1243.18	263.94603359754757	1023.0	680.85	31
AL1-AL2	iso_inbred	-607.4	1224.8	261.8819394931679	1015.0	655.42	32
AL1-AL2	iso_inbred	-656.8	1323.6	257.4957395213612	998.0	934.44	33
AL1-AL2	iso_inbred	-651.85	1313.7	264.9780806497374	1027.0	760.05	34
AL1-AL2	iso_inbred	-682.47	1374.94	267.81621004325945	1038.0	901.71	35
AL1-AL2	iso_inbred	-639.36	1288.72	266.2681394649747	1032.0	804.41	36
AL1-AL2	iso_inbred	-619.06	1248.12	264.72006888668994	1026.0	720.23	37
AL1-AL2	iso_inbred	-650.0	1310.0	264.72006888668994	1026.0	845.51	38
AL1-AL2	iso_inbred	-623.14	1256.28	264.9780806497374	1027.0	763.87	39
AL1-AL2	iso_inbred	-616.38	1242.76	252.59351602345953	979.0	805.85	40
AL1-AL2	iso_inbred	-615.41	1240.82	259.55983362574085	1006.0	693.65	41
AL1-AL2	iso_inbred	-647.68	1305.36	262.1399512562154	1016.0	838.13	42
AL1-AL2	iso_inbred	-642.08	1294.16	262.6559747823103	1018.0	812.69	43
AL1-AL2	iso_inbred	-604.41	1218.82	265.23609241278484	1028.0	625.09	44
AL1-AL2	iso_inbred	-627.09	1264.18	258.7857983365985	1003.0	756.92	45
AL1-AL2	iso_inbred	-650.04	1310.08	259.3018218626934	1005.0	869.19	46
AL1-AL2	iso_inbred	-623.53	1257.06	260.59188067793065	1010.0	691.48	47
AL1-AL2	iso_inbred	-650.94	1311.88	253.36755131260188	982.0	866.34	48
AL1-AL2	iso_inbred	-607.26	1224.52	262.9139865453578	1019.0	636.51	49
AL1-AL2	iso_inbred	-627.03	1264.06	263.1719983084052	1020.0	778.89	50
AL1-AL2	iso_inbred	-648.06	1306.12	261.8819394931679	1015.0	819.04	51
AL1-AL2	iso_inbred	-645.45	1300.9	262.1399512562154	1016.0	934.61	52
AL1-AL2	iso_inbred	-646.59	1303.18	261.6239277301205	1014.0	811.36	53
AL1-AL2	iso_inbred	-662.55	1335.1	263.68802183450015	1022.0	936.43	54
AL1-AL2	iso_inbred	-662.87	1335.74	266.7841629910696	1034.0	840.46	55
AL1-AL2	iso_inbred	-662.97	1335.94	259.55983362574085	1006.0	1017.24	56
AL1-AL2	iso_inbred	-631.07	1272.14	262.3979630192629	1017.0	802.77	57
AL1-AL2	iso_inbred	-663.52	1337.04	260.59188067793065	1010.0	934.43	58
AL1-AL2	iso_inbred	-651.97	1313.94	260.3338689148832	1009.0	949.27	59
AL1-AL2	iso_inbred	-646.0	1302.0	266.0101277019272	1031.0	953.51	60
AL1-AL2	iso_inbred	-612.88	1235.76	261.6239277301205	1014.0	653.78	61
AL1-AL2	iso_inbred	-657.62	1325.24	259.3018218626934	1005.0	936.99	62
AL1-AL2	iso_inbred	-630.96	1271.92	262.9139865453578	1019.0	765.43	63
AL1-AL2	iso_inbred	-627.73	1265.46	259.55983362574085	1006.0	748.93	64
AL1-AL2	iso_inbred	-635.73	1281.46	262.6559747823103	1018.0	779.78	65
AL1-AL2	iso_inbred	-632.04	1274.08	262.6559747823103	1018.0	736.81	66
AL1-AL2	iso_inbred	-675.04	1360.08	259.3018218626934	1005.0	884.96	67
AL1-AL2	iso_inbred	-595.84	1201.68	263.94603359754757	1023.0	591.77	68
AL1-AL2	iso_inbred	-688.85	1387.7	264.9780806497374	1027.0	971.04	69
AL1-AL2	iso_inbred	-606.03	1222.06	258.7857983365985	1003.0	653.5	70
AL1-AL2	iso_inbred	-613.68	1237.36	263.94603359754757	1023.0	708.93	71
AL1-AL2	iso_inbred	-681.94	1373.88	265.23609241278484	1028.0	1053.86	72
AL1-AL2	iso_inbred	-643.76	1297.52	253.10953954955443	981.0	830.58	73
AL1-AL2	iso_inbred	-658.62	1327.24	258.2697748105036	1001.0	848.92	74
AL1-AL2	iso_inbred	-663.89	1337.78	255.43164541698152	990.0	901.4	75
AL1-AL2	iso_inbred	-664.33	1338.66	257.7537512844086	999.0	1038.29	76
AL1-AL2	iso_inbred	-649.86	1309.72	262.3979630192629	1017.0	840.29	77
AL1-AL2	iso_inbred	-675.09	1360.18	261.10790420402554	1012.0	938.31	78
AL1-AL2	iso_inbred	-651.48	1312.96	260.3338689148832	1009.0	808.79	79
AL1-AL2	iso_inbred	-640.12	1290.24	260.3338689148832	1009.0	781.88	80
AL1-AL2	iso_inbred	-661.52	1333.04	260.59188067793065	1010.0	954.65	81
AL1-AL2	iso_inbred	-634.85	1279.7	262.9139865453578	1019.0	822.63	82
AL1-AL2	iso_inbred	-637.28	1284.56	260.3338689148832	1009.0	826.9	83
AL1-AL2	iso_inbred	-637.09	1284.18	263.68802183450015	1022.0	793.7	84
AL1-AL2	iso_inbred	-654.18	1318.36	268.07422180630687	1039.0	789.93	85
AL1-AL2	iso_inbred	-640.67	1291.34	262.9139865453578	1019.0	872.53	86
AL1-AL2	iso_inbred	-657.87	1325.74	264.20404536059505	1024.0	854.63	87
AL1-AL2	iso_inbred	-634.05	1278.1	261.6239277301205	1014.0	899.65	88
AL1-AL2	iso_inbred	-648.43	1306.86	262.6559747823103	1018.0	798.88	89
AL1-AL2	iso_inbred	-666.31	1342.62	253.8835748386968	984.0	867.29	90
AL1-AL2	iso_inbred	-643.06	1296.12	260.59188067793065	1010.0	878.26	91
AL1-AL2	iso_inbred	-618.0	1246.0	261.8819394931679	1015.0	669.67	92
AL1-AL2	iso_inbred	-642.42	1294.84	270.9123511998289	1050.0	727.68	93
AL1-AL2	iso_inbred	-641.27	1292.54	266.5261512280222	1033.0	770.27	94
AL1-AL2	iso_inbred	-675.23	1360.46	260.59188067793065	1010.0	964.1	95
AL1-AL2	iso_inbred	-670.59	1351.18	267.04217475411707	1035.0	905.73	96
AL1-AL2	iso_inbred	-624.8	1259.6	260.3338689148832	1009.0	777.01	97
AL1-AL2	iso_inbred	-633.74	1277.48	251.81948073431715	976.0	903.84	98
AL1-AL2	iso_inbred	-638.47	1286.94	266.7841629910696	1034.0	782.68	99
