Pops	Model	Likelihood	AIC	Theta	sfs_sum	chi-squared	bootstrap
AL1-AL2	sec_cont	-623.75	1261.5	204.81209055153772	1011.0	794.55	0
AL1-AL2	sec_cont	-613.35	1240.7	208.45859661476985	1029.0	695.63	1
AL1-AL2	sec_cont	-590.92	1195.84	205.4198415620764	1014.0	651.36	2
AL1-AL2	sec_cont	-554.37	1122.74	204.00175587081947	1007.0	578.03	3
AL1-AL2	sec_cont	-571.33	1156.66	205.01467422171729	1012.0	571.82	4
AL1-AL2	sec_cont	-646.15	1306.3	207.44567826387203	1024.0	773.19	5
AL1-AL2	sec_cont	-572.17	1158.34	206.23017624279467	1018.0	603.82	6
AL1-AL2	sec_cont	-616.54	1247.08	205.21725789189685	1013.0	688.66	7
AL1-AL2	sec_cont	-595.32	1204.64	205.01467422171729	1012.0	672.12	8
AL1-AL2	sec_cont	-585.44	1184.88	205.21725789189685	1013.0	633.41	9
AL1-AL2	sec_cont	-603.74	1221.48	201.57075182866473	995.0	752.46	10
AL1-AL2	sec_cont	-618.99	1251.98	201.1655844883056	993.0	795.39	11
AL1-AL2	sec_cont	-613.74	1241.48	210.4844333165655	1039.0	767.47	12
AL1-AL2	sec_cont	-599.77	1213.54	203.19142119010124	1003.0	699.77	13
AL1-AL2	sec_cont	-593.22	1200.44	200.5578334777669	990.0	659.73	14
AL1-AL2	sec_cont	-597.77	1209.54	209.47151496566767	1034.0	663.12	15
AL1-AL2	sec_cont	-580.98	1175.96	202.98883751992167	1002.0	698.89	16
AL1-AL2	sec_cont	-610.86	1235.72	205.21725789189685	1013.0	723.32	17
AL1-AL2	sec_cont	-590.66	1195.32	198.5319967759713	980.0	683.18	18
AL1-AL2	sec_cont	-596.49	1206.98	206.83792725333336	1021.0	648.85	19
AL1-AL2	sec_cont	-603.78	1221.56	199.9500824672282	987.0	752.44	20
AL1-AL2	sec_cont	-614.31	1242.62	205.82500890243554	1016.0	717.01	21
AL1-AL2	sec_cont	-562.35	1138.7	205.62242523225598	1015.0	614.39	22
AL1-AL2	sec_cont	-617.59	1249.18	209.47151496566767	1034.0	707.33	23
AL1-AL2	sec_cont	-611.09	1236.18	209.67409863584723	1035.0	719.78	24
AL1-AL2	sec_cont	-582.97	1179.94	203.19142119010124	1003.0	644.84	25
AL1-AL2	sec_cont	-577.14	1168.28	203.7991722006399	1006.0	603.91	26
AL1-AL2	sec_cont	-610.01	1234.02	203.7991722006399	1006.0	755.08	27
AL1-AL2	sec_cont	-585.9	1185.8	208.25601294459028	1028.0	645.81	28
AL1-AL2	sec_cont	-600.98	1215.96	199.9500824672282	987.0	694.16	29
AL1-AL2	sec_cont	-579.51	1173.02	198.93716411633042	982.0	614.85	30
AL1-AL2	sec_cont	-549.3	1112.6	206.23017624279467	1018.0	512.86	31
AL1-AL2	sec_cont	-584.65	1183.3	205.01467422171729	1012.0	623.01	32
AL1-AL2	sec_cont	-627.52	1269.04	206.43275991297423	1019.0	766.43	33
AL1-AL2	sec_cont	-607.92	1229.84	205.82500890243554	1016.0	738.33	34
AL1-AL2	sec_cont	-613.59	1241.18	209.06634762530854	1032.0	765.53	35
AL1-AL2	sec_cont	-582.08	1178.16	204.00175587081947	1007.0	599.16	36
AL1-AL2	sec_cont	-586.31	1186.62	202.58367017956255	1000.0	639.06	37
AL1-AL2	sec_cont	-597.44	1208.88	210.68701698674505	1040.0	657.98	38
AL1-AL2	sec_cont	-603.92	1221.84	209.8766823060268	1036.0	658.4	39
AL1-AL2	sec_cont	-634.58	1283.16	204.60950688135816	1010.0	874.37	40
AL1-AL2	sec_cont	-593.02	1200.04	202.98883751992167	1002.0	736.31	41
AL1-AL2	sec_cont	-567.56	1149.12	207.2430945936925	1023.0	603.78	42
AL1-AL2	sec_cont	-610.04	1234.08	208.86376395512897	1031.0	751.18	43
AL1-AL2	sec_cont	-589.27	1192.54	209.06634762530854	1032.0	608.43	44
AL1-AL2	sec_cont	-570.35	1154.7	204.4069232111786	1009.0	585.46	45
AL1-AL2	sec_cont	-598.03	1210.06	207.2430945936925	1023.0	731.96	46
AL1-AL2	sec_cont	-613.12	1240.24	206.43275991297423	1019.0	767.31	47
AL1-AL2	sec_cont	-592.46	1198.92	209.2689312954881	1033.0	686.52	48
AL1-AL2	sec_cont	-584.56	1183.12	200.5578334777669	990.0	656.95	49
AL1-AL2	sec_cont	-578.44	1170.88	206.0275925726151	1017.0	570.49	50
AL1-AL2	sec_cont	-641.48	1296.96	208.05342927441072	1027.0	855.08	51
AL1-AL2	sec_cont	-604.27	1222.54	200.96300081812603	992.0	709.42	52
AL1-AL2	sec_cont	-601.32	1216.64	193.26482135130266	954.0	777.07	53
AL1-AL2	sec_cont	-606.67	1227.34	209.8766823060268	1036.0	738.24	54
AL1-AL2	sec_cont	-632.01	1278.02	209.2689312954881	1033.0	743.63	55
AL1-AL2	sec_cont	-591.05	1196.1	205.4198415620764	1014.0	683.81	56
AL1-AL2	sec_cont	-591.68	1197.36	202.7862538497421	1001.0	663.25	57
AL1-AL2	sec_cont	-586.07	1186.14	210.68701698674505	1040.0	602.93	58
AL1-AL2	sec_cont	-620.0	1254.0	204.60950688135816	1010.0	836.49	59
AL1-AL2	sec_cont	-589.5	1193.0	207.6482619340516	1025.0	666.31	60
AL1-AL2	sec_cont	-599.39	1212.78	207.04051092351293	1022.0	743.45	61
AL1-AL2	sec_cont	-618.22	1250.44	206.83792725333336	1021.0	767.97	62
AL1-AL2	sec_cont	-601.79	1217.58	206.43275991297423	1019.0	691.42	63
AL1-AL2	sec_cont	-616.64	1247.28	208.45859661476985	1029.0	772.56	64
AL1-AL2	sec_cont	-600.84	1215.68	200.15266613740778	988.0	660.69	65
AL1-AL2	sec_cont	-619.32	1252.64	201.97591916902385	997.0	867.77	66
AL1-AL2	sec_cont	-595.53	1205.06	204.20433954099903	1008.0	711.86	67
AL1-AL2	sec_cont	-624.67	1263.34	204.00175587081947	1007.0	774.4	68
AL1-AL2	sec_cont	-562.27	1138.54	203.59658853046034	1005.0	578.91	69
AL1-AL2	sec_cont	-591.08	1196.16	205.82500890243554	1016.0	643.36	70
AL1-AL2	sec_cont	-619.79	1253.58	204.60950688135816	1010.0	802.06	71
AL1-AL2	sec_cont	-591.46	1196.92	210.8896006569246	1041.0	602.82	72
AL1-AL2	sec_cont	-581.57	1177.14	205.4198415620764	1014.0	625.11	73
AL1-AL2	sec_cont	-588.87	1191.74	206.23017624279467	1018.0	633.89	74
AL1-AL2	sec_cont	-598.74	1211.48	204.00175587081947	1007.0	679.38	75
AL1-AL2	sec_cont	-612.55	1239.1	209.47151496566767	1034.0	775.06	76
AL1-AL2	sec_cont	-601.24	1216.48	202.98883751992167	1002.0	721.86	77
AL1-AL2	sec_cont	-595.31	1204.62	208.05342927441072	1027.0	680.9	78
AL1-AL2	sec_cont	-595.81	1205.62	207.04051092351293	1022.0	657.32	79
AL1-AL2	sec_cont	-585.97	1185.94	204.60950688135816	1010.0	684.6	80
AL1-AL2	sec_cont	-566.5	1147.0	205.82500890243554	1016.0	635.22	81
AL1-AL2	sec_cont	-589.88	1193.76	204.4069232111786	1009.0	660.9	82
AL1-AL2	sec_cont	-602.57	1219.14	209.06634762530854	1032.0	671.48	83
AL1-AL2	sec_cont	-591.65	1197.3	207.44567826387203	1024.0	652.27	84
AL1-AL2	sec_cont	-580.47	1174.94	205.4198415620764	1014.0	607.49	85
AL1-AL2	sec_cont	-571.71	1157.42	203.7991722006399	1006.0	589.14	86
AL1-AL2	sec_cont	-567.36	1148.72	204.00175587081947	1007.0	584.93	87
AL1-AL2	sec_cont	-575.41	1164.82	203.59658853046034	1005.0	640.4	88
AL1-AL2	sec_cont	-577.37	1168.74	199.74749879704865	986.0	640.03	89
AL1-AL2	sec_cont	-593.96	1201.92	200.96300081812603	992.0	797.1	90
AL1-AL2	sec_cont	-621.13	1256.26	204.20433954099903	1008.0	751.35	91
AL1-AL2	sec_cont	-618.41	1250.82	209.8766823060268	1036.0	743.78	92
AL1-AL2	sec_cont	-594.51	1203.02	203.3940048602808	1004.0	734.19	93
AL1-AL2	sec_cont	-596.67	1207.34	208.25601294459028	1028.0	667.74	94
AL1-AL2	sec_cont	-617.91	1249.82	204.00175587081947	1007.0	812.22	95
AL1-AL2	sec_cont	-588.64	1191.28	206.83792725333336	1021.0	642.56	96
AL1-AL2	sec_cont	-552.53	1119.06	205.62242523225598	1015.0	553.42	97
AL1-AL2	sec_cont	-605.43	1224.86	206.0275925726151	1017.0	777.53	98
AL1-AL2	sec_cont	-586.23	1186.46	201.36816815848516	994.0	664.93	99
